0.497986
0.493155
0.488507
0.484035
0.479731
0.475588
0.4716
0.46776
0.464063
0.460503
0.457075
0.453772
0.450591
0.447526
0.444572
0.441725
0.438982
0.436337
0.433786
0.431327
0.428956
0.426668
0.424461
0.422332
0.420277
0.418294
0.416379
0.414531
0.412746
0.411022
0.409357
0.407749
0.406195
0.404692
0.403241
0.401837
0.40048
0.399167
0.397898
0.39667
0.395482
0.394332
0.393218
0.392141
0.391097
0.390087
0.389108
0.38816
0.387241
0.38635
0.385487
0.38465
0.383838
0.383051
0.382287
0.381546
0.380827
0.380129
0.379451
0.378793
0.378154
0.377533
0.37693
0.376344
0.375774
0.375221
0.374682
0.374159
0.373649
0.373154
0.372672
0.372203
0.371746
0.371302
0.370869
0.370447
0.370036
0.369636
0.369246
0.368866
0.368496
0.368135
0.367783
0.367439
0.367104
0.366777
0.366458
0.366147
0.365843
0.365546
0.365257
0.364974
0.364697
0.364427
0.364164
0.363906
0.363654
0.363408
0.363167
0.362931
0.362701
0.362476
0.362256
0.36204
0.361829
0.361623
0.361421
0.361223
0.361029
0.36084
0.360654
0.360472
0.360294
0.360119
0.359948
0.359781
0.359617
0.359456
0.359298
0.359143
0.358992
0.358843
0.358697
0.358554
0.358414
0.358276
0.358141
0.358009
0.357879
0.357751
0.357626
0.357503
0.357383
0.357264
0.357148
0.357034
0.356922
0.356812
0.356703
0.356597
0.356493
0.35639
0.35629
0.356191
0.356094
0.355998
0.355904
0.355812
0.355721
0.355632
0.355545
0.355458
0.355374
0.355291
0.355209
0.355128
0.355049
0.354971
0.354895
0.35482
0.354745
0.354673
0.354601
0.354531
0.354461
0.354393
0.354326
0.35426
0.354195
0.354131
0.354068
0.354006
0.353945
0.353885
0.353826
0.353768
0.353711
0.353655
0.353599
0.353545
0.353491
0.353438
0.353386
0.353335
0.353285
0.353235
0.353186
0.353138
0.35309
0.353044
0.352998
0.352952
0.352908
0.352864
0.352821
0.352778
0.352736
0.352695
0.352654
0.352614
0.352574
0.352535
0.352497
0.352459
0.352422
0.352385
0.352349
0.352313
0.352278
0.352244
0.35221
0.352176
0.352143
0.35211
0.352078
0.352047
0.352016
0.351985
0.351954
0.351925
0.351895
0.351866
0.351838
0.351809
0.351782
0.351754
0.351727
0.351701
0.351675
0.351649
0.351623
0.351598
0.351573
0.351549
0.351525
0.351501
0.351478
0.351455
0.351432
0.35141
0.351388
0.351366
0.351344
0.351323
0.351302
0.351282
0.351261
0.351241
0.351222
0.351202
0.351183
0.351164
0.351146
0.351127
0.351109
0.351091
0.351073
0.351056
0.351039
0.351022
0.351005
0.350989
0.350973
0.350957
0.350941
0.350925
0.35091
0.350895
0.35088
0.350865
0.35085
0.350836
0.350822
0.350808
0.350794
0.350781
0.350767
0.350754
0.350741
0.350728
0.350715
0.350703
0.350691
0.350678
0.350666
0.350655
0.350643
0.350631
0.35062
0.350609
0.350598
0.350587
0.350576
0.350565
0.350555
0.350544
0.350534
0.350524
0.350514
0.350504
0.350495
0.350485
0.350476
0.350466
0.350457
0.350448
0.350439
0.35043
0.350422
0.350413
0.350404
0.350396
0.350388
0.35038
0.350372
0.350364
0.350356
0.350348
0.35034
0.350333
0.350325
0.350318
0.350311
0.350304
0.350297
0.35029
0.350283
0.350276
0.350269
0.350263
0.350256
0.35025
0.350243
0.350237
0.350231
0.350225
0.350219
0.350213
0.350207
0.350201
0.350195
0.35019
0.350184
0.350179
0.350173
0.350168
0.350162
0.350157
0.350152
0.350147
0.350142
0.350137
0.350132
0.350127
0.350122
0.350117
0.350113
0.350108
0.350104
0.350099
0.350095
0.35009
0.350086
0.350082
0.350077
0.350073
0.350069
0.350065
0.350061
0.350057
0.350053
0.350049
0.350045
0.350042
0.350038
0.350034
0.350031
0.350027
0.350023
0.35002
0.350016
0.350013
0.35001
0.350006
0.350003
0.35
0.349997
0.349993
0.34999
0.349987
0.349984
0.349981
0.349978
0.349975
0.349972
0.349969
0.349967
0.349964
0.349961
0.349958
0.349955
0.349953
0.34995
0.349948
0.349945
0.349942
0.34994
0.349937
0.349935
0.349933
0.34993
0.349928
0.349925
0.349923
0.349921
0.349919
0.349916
0.349914
0.349912
0.34991
0.349908
0.349906
0.349904
0.349901
0.349899
0.349897
0.349895
0.349894
0.349892
0.34989
0.349888
0.349886
0.349884
0.349882
0.34988
0.349879
0.349877
0.349875
0.349873
0.349872
0.34987
0.349868
0.349867
0.349865
0.349864
0.349862
0.34986
0.349859
0.349857
0.349856
0.349854
0.349853
0.349851
0.34985
0.349849
0.349847
0.349846
0.349844
0.349843
0.349842
0.34984
0.349839
0.349838
0.349836
0.349835
0.349834
0.349833
0.349831
0.34983
0.349829
0.349828
0.349827
0.349826
0.349824
0.349823
0.349822
0.349821
0.34982
0.349819
0.349818
0.349817
0.349816
0.349815
0.349814
0.349813
0.349812
0.349811
0.34981
0.349809
0.349808
0.349807
0.349806
0.349805
0.349804
0.349803
0.349802
0.349801
0.3498
0.3498
0.349799
0.349798
0.349797
0.349796
0.349795
0.349795
0.349794
0.349793
0.349792
0.349791
0.349791
0.34979
0.349789
0.349788
0.349788
0.349787
0.349786
0.349786
0.349785
0.349784
0.349784
0.349783
0.349782
0.349782
0.349781
0.34978
0.34978
0.349779
0.349778
0.349778
0.349777
0.349776
0.349776
0.349775
0.349775
0.349774
0.349774
0.349773
0.349772
0.349772
0.349771
0.349771
0.34977
0.34977
0.349769
0.349769
0.349768
0.349768
0.349767
0.349767
0.349766
0.349766
0.349765
0.349765
0.349764
0.349764
0.349763
0.349763
0.349762
0.349762
0.349761
0.349761
0.349761
0.34976
0.34976
0.349759
0.349759
0.349758
0.349758
0.349758
0.349757
0.349757
0.349756
0.349756
0.349756
0.349755
0.349755
0.349754
0.349754
0.349754
0.349753
0.349753
0.349753
0.349752
0.349752
0.349752
0.349751
0.349751
0.349751
0.34975
0.34975
0.34975
0.349749
0.349749
0.349749
0.349748
0.349748
0.349748
0.349747
0.349747
0.349747
0.349747
0.349746
0.349746
0.349746
0.349745
0.349745
0.349745
0.349745
0.349744
0.349744
0.349744
0.349744
0.349743
0.349743
0.349743
0.349743
0.349742
0.349742
0.349742
0.349742
0.349741
0.349741
0.349741
0.349741
0.34974
0.34974
0.34974
0.34974
0.34974
0.349739
0.349739
0.349739
0.349739
0.349738
0.349738
0.349738
0.349738
0.349738
0.349737
0.349737
0.349737
0.349737
0.349737
0.349736
0.349736
0.349736
0.349736
0.349736
0.349736
0.349735
0.349735
0.349735
0.349735
0.349735
0.349735
0.349734
0.349734
0.349734
0.349734
0.349734
0.349734
0.349733
0.349733
0.349733
0.349733
0.349733
0.349733
0.349732
0.349732
0.349732
0.349732
0.349732
0.349732
0.349732
0.349731
0.349731
0.349731
0.349731
0.349731
0.349731
0.349731
0.34973
0.34973
0.34973
0.34973
0.34973
0.34973
0.34973
0.34973
0.349729
0.349729
0.349729
0.349729
0.349729
0.349729
0.349729
0.349729
0.349729
0.349728
0.349728
0.349728
0.349728
0.349728
0.349728
0.349728
0.349728
0.349728
0.349727
0.349727
0.349727
0.349727
0.349727
0.349727
0.349727
0.349727
0.349727
0.349727
0.349726
0.349726
0.349726
0.349726
0.349726
0.349726
0.349726
0.349726
0.349726
0.349726
0.349726
0.349726
0.349725
0.349725
0.349725
0.349725
0.349725
0.349725
0.349725
0.349725
0.349725
0.349725
0.349725
0.349725
0.349725
0.349724
0.349724
0.349724
0.349724
0.349724
0.349724
0.349724
0.349724
0.349724
0.349724
0.349724
0.349724
0.349724
0.349724
0.349723
0.349723
0.349723
0.349723
0.349723
0.349723
0.349723
0.349723
0.349723
0.349723
0.349723
0.349723
0.349723
0.349723
0.349723
0.349723
0.349723
0.349722
0.349722
0.349722
0.349722
0.349722
0.349722
0.349722
0.349722
0.349722
0.349722
0.349722
0.349722
0.349722
0.349722
0.349722
0.349722
0.349722
0.349722
0.349722
0.349721
0.349721
0.349721
0.349721
0.349721
0.349721
0.349721
0.349721
0.349721
0.349721
0.349721
0.349721
0.349721
0.349721
0.349721
0.349721
0.349721
0.349721
0.349721
0.349721
0.349721
0.349721
0.349721
0.349721
0.34972
0.34972
0.34972
0.34972
0.34972
0.34972
0.34972
0.34972
0.34972
0.34972
0.34972
0.34972
0.34972
0.34972
0.34972
0.34972
0.34972
0.34972
0.34972
0.34972
0.34972
0.34972
0.34972
0.34972
0.34972
0.34972
0.34972
0.34972
0.34972
0.34972
0.349719
0.349719
0.349719
0.349719
0.349719
0.349719
0.349719
0.349719
0.349719
0.349719
0.349719
0.349719
0.349719
0.349719
0.349719
0.349719
0.349719
0.349719
0.349719
0.349719
0.349719
0.349719
0.349719
0.349719
0.349719
0.349719
0.349719
0.349719
0.349719
0.349719
0.349719
0.349719
0.349719
0.349719
0.349719
0.349719
0.349719
0.349719
0.349719
0.349719
0.349719
0.349719
0.349718
0.349718
0.349718
0.349718
0.349718
0.349718
0.349718
0.349718
0.349718
0.349718
0.349718
0.349718
0.349718
0.349718
0.349718
0.349718
0.349718
0.349718
0.349718
0.349718
0.349718
0.349718
0.349718
0.349718
0.349718
0.349718
0.349718
0.349718
0.349718
0.349718
0.349718
0.349718
0.349718
0.349718
0.349718
0.349718
0.349718
0.349718
0.349718
0.349718
0.349718
0.349718
0.349718
0.349718
0.349718
0.349718
0.349718
0.349718
0.349718
0.349718
0.349718
0.349718
0.349718
0.349718
0.349718
0.349718
0.349718
0.349718
0.349718
0.349718
0.349718
0.349718
0.349718
0.349718
0.349718
0.349717
0.349717
0.349717
0.349717
0.349717
0.349717
0.349717
0.349717
0.349717
0.349717
0.349717
0.349717
0.349717
0.349717
0.349717
0.349717
0.349717
0.349717
0.349717
0.349717
0.349717
0.349717
0.349717
0.349717
0.349717
0.349717
0.349717
0.349717
0.349717
0.349717
0.349717
0.349717
0.349717
0.349717
0.349717
0.349717
0.349717
0.349717
0.349717
0.349717
0.349717
0.349717
0.349717
0.349717
0.349717
0.349717
0.349717
0.349717
